20
7
5 299 18 2 21 271 8
10
163 228 47 31 11 85 233 176 10 8
9
21 220 51 14 2 152 53 9 17
10
197 45 16 7 16 81 112 48 1 39
10
549 124 4 13 12 30 144 197 181 200
8
465 9 1 426 4 21 23 1
10
44 68 366 55 10 342 2 115 46 38
10
20 97 2 4 48 1 137 15 17 1
10
60 195 115 5 189 20 286 7 1 37
10
695 114 1 68 59 356 316 151 35 79
10
59 3 21 2 11 671 183 115 8 8
10
197 229 23 4 11 133 65 16 119 113
9
217 41 25 8 17 269 17 5 17
10
74 60 2 7 3 579 18 23 87 40
10
293 1 20 105 43 172 51 5 3 15
7
283 17 5 384 549 13 8
8
176 612 71 6 92 631 41 2
10
256 16 4 2 12 470 160 223 32 36
10
247 11 85 17 3 299 14 2 15 33
8
39 68 51 10 2 339 380 48
