20
9
419 254 63 10 56 138 140 72 6
6
20 135 147 79 74 4
9
22 150 11 3 305 7 261 108 138
10
111 338 427 31 21 488 7 4 14 1
10
20 115 143 25 131 467 32 122 23 3
10
349 130 240 17 1 99 209 177 69 106
8
360 12 1 202 77 51 19 24
9
14 399 117 6 382 45 10 11 1
7
112 257 64 133 145 662 2
9
479 7 118 6 4 431 38 142 3
10
217 9 68 585 121 196 731 2 56 15
9
522 30 44 19 40 417 203 27 8
10
142 20 166 46 33 22 15 583 17 14
10
137 54 5 51 5 76 4 8 122 42
9
667 5 18 7 5 683 4 6 9
10
570 147 66 104 65 586 53 81 13 65
10
536 175 2 17 18 21 15 671 38 3
10
854 40 38 11 3 141 396 60 63 286
8
291 63 47 70 16 351 136 1
10
469 42 178 7 22 39 617 35 1 26
