20
8
137 388 5 166 152 19 32 161
10
31 114 251 52 60 649 48 6 58 12
7
842 7 41 609 159 20 20
8
112 16 4 3 102 6 8 27
10
127 111 38 3 8 25 7 118 127 10
9
642 57 9 3 240 78 109 117 86
10
269 35 12 87 5 83 208 107 8 9
9
181 36 29 1 58 17 80 58 34
8
564 68 8 11 13 696 260 6
10
45 382 462 15 35 53 796 60 21 9
10
255 53 152 4 10 242 106 85 1 40
6
907 6 7 191 15 3
10
64 89 15 9 9 42 3 52 52 37
10
187 70 361 3 9 416 12 57 58 87
7
227 86 25 128 175 637 4
10
161 11 575 64 103 243 140 264 136 131
10
29 32 2 4 6 542 35 283 94 19
10
696 45 36 3 24 142 5 13 8 5
7
594 86 79 16 75 55 10
8
42 68 5 189 190 122 101 26
