20
4
13 14 19 8
8
422 514 4 36 109 16 12 24
10
217 96 9 31 210 219 302 17 8 17
8
135 32 49 9 24 6 15 7
10
298 84 9 270 239 249 94 10 58 97
7
22 14 46 3 59 6 20
10
24 153 198 198 55 556 28 2 12 30
6
543 63 150 9 27 20
8
119 122 112 119 4 124 1 12
9
1 47 43 11 11 25 77 7 4
10
554 202 5 35 4 260 521 6 8 5
8
123 1 2 12 2 67 100 9
10
327 10 1 11 43 287 32 22 19 32
10
340 405 12 5 16 34 52 3 6 10
7
531 5 471 27 3 18 17
9
326 11 108 13 39 339 76 73 9
8
239 55 9 275 8 4 10 6
7
254 145 1 9 360 43 6
7
1 55 70 112 3 2 8
7
44 238 7 109 12 13 2
